2,0,117148
2,1,116742
2,2,117084
2,3,117468
2,4,116922
2,5,117084
2,6,117331
2,7,117633
2,8,117429
2,9,117538
2,10,117473
2,11,117151
2,12,117545
2,13,117185
2,14,117292
2,15,116833
2,16,117174
2,17,116987
2,18,117292
2,19,117191
2,20,117319
2,21,117012
2,22,117406
2,23,117282
2,24,117222
2,25,117480
2,26,117299
2,27,117101
2,28,117349
2,29,117225
2,30,117572
2,31,117302
2,32,117097
2,33,117556
2,34,117221
2,35,117191
2,36,116977
2,37,117501
2,38,117154
2,39,117141
2,40,116890
2,41,117023
2,42,117249
2,43,117115
2,44,117501
2,45,117148
2,46,117110
2,47,117390
2,48,117549
2,49,117117
2,50,117882
2,51,116666
2,52,116893
2,53,117322
2,54,117263
2,55,116571
2,56,116998
2,57,117086
2,58,117257
2,59,117010
2,60,117473
2,61,117830
2,62,117151
2,63,116976
2,64,117125
2,65,117557
2,66,116958
2,67,117370
2,68,117066
2,69,117196
2,70,117185
2,71,116887
2,72,116952
2,73,117590
2,74,117304
2,75,117173
2,76,117112
2,77,116914
2,78,117228
2,79,117113
2,80,117447
2,81,116755
2,82,117069
2,83,117113
2,84,117288
2,85,117546
2,86,117144
2,87,117646
2,88,117069
2,89,117018
2,90,117070
2,91,117083
2,92,116871
2,93,116841
2,94,116784
2,95,117502
2,96,117450
2,97,117511
2,98,116908
2,99,117353
2,100,117158
2,101,117520
2,102,117226
2,103,117526
2,104,117013
2,105,116995
2,106,117131
2,107,117237
2,108,117762
2,109,117387
2,110,117217
2,111,117288
2,112,116738
2,113,117384
2,114,117324
2,115,117025
2,116,116937
2,117,117567
2,118,117200
2,119,117056
2,120,117047
2,121,117200
2,122,117136
2,123,117337
2,124,117415
2,125,117219
2,126,117319
2,127,117284
2,128,117128
2,129,116891
2,130,117357
2,131,117244
2,132,117178
2,133,117131
2,134,117136
2,135,117556
2,136,117393
2,137,117291
2,138,117108
2,139,116930
2,140,117113
2,141,117237
2,142,116762
2,143,116994
2,144,117962
2,145,117034
2,146,117286
2,147,116943
2,148,116659
2,149,117116
2,150,117343
2,151,117079
2,152,117296
2,153,116909
2,154,117240
2,155,116762
2,156,117235
2,157,116932
2,158,117373
2,159,116992
2,160,116907
2,161,117157
2,162,117628
2,163,117328
2,164,117533
2,165,117178
2,166,117229
2,167,117350
2,168,117320
2,169,116852
2,170,117174
2,171,116769
2,172,116957
2,173,117288
2,174,117255
2,175,117576
2,176,116766
2,177,117166
2,178,117003
2,179,117611
2,180,117346
2,181,117093
2,182,117312
2,183,116747
2,184,117336
2,185,117551
2,186,117282
2,187,117415
2,188,117439
2,189,116922
2,190,117302
2,191,117286
2,192,117406
2,193,117201
2,194,116961
2,195,116798
2,196,116905
2,197,117413
2,198,117301
2,199,117223
2,200,117283
2,201,117797
2,202,117172
2,203,117087
2,204,117579
2,205,117686
2,206,116970
2,207,117481
2,208,116964
2,209,117228
2,210,117103
2,211,117121
2,212,116736
2,213,117289
2,214,117146
2,215,117360
2,216,117469
2,217,117156
2,218,117064
2,219,116901
2,220,117187
2,221,117272
2,222,117115
2,223,116807
2,224,117264
2,225,116893
2,226,116964
2,227,117108
2,228,117098
2,229,117148
2,230,117081
2,231,116852
2,232,117049
2,233,117151
2,234,117048
2,235,117546
2,236,117306
2,237,117176
2,238,117100
2,239,117212
2,240,117052
2,241,117504
2,242,117086
2,243,117113
2,244,116862
2,245,117307
2,246,116691
2,247,117112
2,248,117157
2,249,116470
2,250,116857
2,251,117047
2,252,117125
2,253,116835
2,254,117335
2,255,117357
