1,0,117179
1,1,117240
1,2,117054
1,3,117238
1,4,117277
1,5,117354
1,6,117363
1,7,117273
1,8,117410
1,9,117095
1,10,116807
1,11,117265
1,12,117764
1,13,116921
1,14,117639
1,15,117063
1,16,117177
1,17,116889
1,18,117127
1,19,117239
1,20,117158
1,21,117004
1,22,117231
1,23,117468
1,24,116942
1,25,117327
1,26,117051
1,27,116808
1,28,116746
1,29,116757
1,30,117139
1,31,117432
1,32,117401
1,33,116909
1,34,117180
1,35,117197
1,36,116868
1,37,116973
1,38,117138
1,39,117023
1,40,117286
1,41,117229
1,42,116944
1,43,117251
1,44,117391
1,45,117035
1,46,117237
1,47,117424
1,48,117201
1,49,116777
1,50,116929
1,51,117233
1,52,117019
1,53,117260
1,54,117090
1,55,117074
1,56,117283
1,57,117100
1,58,117414
1,59,117435
1,60,116963
1,61,117142
1,62,116992
1,63,117436
1,64,117423
1,65,117294
1,66,117127
1,67,117268
1,68,116746
1,69,117276
1,70,117488
1,71,117451
1,72,117425
1,73,117365
1,74,117352
1,75,117205
1,76,117562
1,77,117274
1,78,117651
1,79,117387
1,80,117301
1,81,116588
1,82,117303
1,83,117566
1,84,116972
1,85,116878
1,86,116746
1,87,117166
1,88,117006
1,89,117068
1,90,117045
1,91,117128
1,92,117119
1,93,117477
1,94,116868
1,95,117131
1,96,117368
1,97,117560
1,98,117358
1,99,117295
1,100,117652
1,101,117229
1,102,117316
1,103,117354
1,104,117326
1,105,117118
1,106,117271
1,107,117576
1,108,117732
1,109,117451
1,110,117409
1,111,117511
1,112,116978
1,113,116828
1,114,117221
1,115,117596
1,116,117463
1,117,116766
1,118,117437
1,119,117480
1,120,117425
1,121,117063
1,122,117166
1,123,116936
1,124,117136
1,125,117052
1,126,117121
1,127,116977
1,128,117316
1,129,117598
1,130,117310
1,131,117340
1,132,117311
1,133,117666
1,134,117089
1,135,116998
1,136,116868
1,137,116855
1,138,116725
1,139,117491
1,140,116830
1,141,116630
1,142,117233
1,143,117554
1,144,117338
1,145,117112
1,146,116948
1,147,116862
1,148,116564
1,149,116803
1,150,117179
1,151,117351
1,152,117163
1,153,116916
1,154,117052
1,155,117359
1,156,116983
1,157,117073
1,158,116998
1,159,117071
1,160,117060
1,161,116990
1,162,117424
1,163,116976
1,164,117300
1,165,117333
1,166,117179
1,167,117436
1,168,117258
1,169,117185
1,170,117531
1,171,117471
1,172,117395
1,173,116789
1,174,117185
1,175,117581
1,176,117066
1,177,116854
1,178,116764
1,179,117055
1,180,116967
1,181,117429
1,182,117039
1,183,116969
1,184,117041
1,185,117016
1,186,116728
1,187,117001
1,188,117319
1,189,117094
1,190,117311
1,191,116966
1,192,116842
1,193,117032
1,194,117458
1,195,117292
1,196,117515
1,197,116923
1,198,116941
1,199,117465
1,200,117160
1,201,117423
1,202,117260
1,203,117186
1,204,117188
1,205,117030
1,206,117311
1,207,117540
1,208,116877
1,209,116924
1,210,117033
1,211,117387
1,212,116949
1,213,117015
1,214,117376
1,215,117029
1,216,117177
1,217,117367
1,218,117418
1,219,117107
1,220,117356
1,221,117039
1,222,117162
1,223,117447
1,224,117087
1,225,117027
1,226,117299
1,227,117638
1,228,117467
1,229,117662
1,230,117429
1,231,117043
1,232,117541
1,233,116951
1,234,117325
1,235,117389
1,236,117265
1,237,117189
1,238,117270
1,239,117590
1,240,117280
1,241,117258
1,242,116772
1,243,117632
1,244,116702
1,245,116907
1,246,117673
1,247,117157
1,248,116975
1,249,117155
1,250,117114
1,251,117000
1,252,117181
1,253,117243
1,254,117057
1,255,117097
